38	GEhuSw	3	3.0258	3.2500	4	4	0.00322	0.02803	8	9	4
39	GCqjeS	3	3.0642	3.3333	4	5	0.00802	0.03364	8	8	4
40	GCqjfo	3	3.0642	3.3333	4	5	0.00802	0.03364	8	6	4
41	GCqjfS	3	3.0642	3.3333	4	4	0.00802	0.03364	8	7	4
42	GCrbuW	3	3.0642	3.3333	5	5	0.00802	0.03364	8	8	4
43	GCQbuW	3	3.0642	3.3333	4	4	0.00917	0.03845	7	8	4
44	GCqjbc	3	3.0642	3.3333	4	5	0.00917	0.03845	7	9	4
45	GCqjec	3	3.0642	3.3333	4	5	0.00917	0.03845	7	8	4
46	GCrJdW	3	3.0642	3.3333	4	5	0.00917	0.03845	7	8	4
47	GCqjfc	3	3.0642	3.3333	4	5	0.00917	0.03845	7	8	4
48	GCqjes	3	3.0642	3.3333	4	5	0.00917	0.03845	7	8	4
49	GCqje[	3	3.0642	3.3333	4	5	0.00917	0.03845	7	7	4
50	GCqjfW	3	3.0642	3.3333	4	5	0.00917	0.03845	7	8	4
51	GCqjfs	3	3.0642	3.3333	4	4	0.00917	0.03845	7	7	4
52	GCqjf[	3	3.0642	3.3333	4	4	0.00917	0.03845	7	7	4
53	GCqjfw	3	3.0642	3.3333	4	4	0.00917	0.03845	7	7	4
54	GCqjf{	3	3.0642	3.3333	4	4	0.00917	0.03845	7	6	4
55	GCpveg	3	3.0874	3.3333	4	5	0.00971	0.02733	9	7	4
56	GCxvcw	3	3.0981	3.3333	4	5	0.01090	0.02614	9	7	4
57	GCqjeo	3	3.0939	3.3333	4	5	0.01342	0.03420	7	7	4
58	GEhvDg	3	3.1220	3.3333	4	5	0.01525	0.02642	8	7	4
59	GUzrvg	2	2.1099	2.3333	5	6	0.01570	0.03192	7	9	3
60	GUzrvw	2	2.1099	2.3333	5	7	0.01570	0.03192	7	8	3
61	GUzrv{	2	2.1099	2.3333	5	6	0.01570	0.03192	7	7	3
62	GCZJak	3	3.1317	3.3333	4	5	0.01646	0.02521	8	8	4
63	GCxvBs	3	3.1966	3.5000	5	6	0.01787	0.02759	11	5	4
64	GCZJeK	3	3.1317	3.3333	4	5	0.01881	0.02881	7	7	4
65	GCXfcw	3	3.1966	3.5000	4	5	0.01966	0.03034	10	7	4
66	GCrbfO	3	3.1966	3.5000	4	5	0.01966	0.03034	10	7	4
67	GCxvBg	3	3.1966	3.5000	4	5	0.01966	0.03034	10	7	4
68	GCxvEg	3	3.1966	3.5000	4	5	0.01966	0.03034	10	7	4
69	GEhvAs	3	3.1966	3.5000	4	5	0.01966	0.03034	10	7	4
70	GCxvEW	3	3.1966	3.5000	4	5	0.01966	0.03034	10	7	4
71	GCxvFO	3	3.1966	3.5000	4	5	0.01966	0.03034	10	7	4
72	GCrbbw	3	3.1966	3.5000	4	5	0.01966	0.03034	10	6	4
73	GCrbfo	3	3.1966	3.5000	4	5	0.01966	0.03034	10	7	4
74	GCxvFg	3	3.1966	3.5000	4	5	0.01966	0.03034	10	6	4
75	GCxvFo	3	3.1966	3.5000	4	5	0.01966	0.03034	10	6	4
76	GCxvEw	3	3.1966	3.5000	4	5	0.01966	0.03034	10	7	4
77	GCxvBW	3	3.1966	3.5000	5	5	0.01966	0.03034	10	7	4
78	GCxvBw	3	3.1966	3.5000	5	5	0.01966	0.03034	10	7	4
79	GCxvFW	3	3.1966	3.5000	5	5	0.01966	0.03034	10	6	4
80	GCxvFS	3	3.1966	3.5000	5	6	0.01966	0.03034	10	7	4
81	GCxvFs	3	3.1966	3.5000	5	6	0.01966	0.03034	10	6	4
82	GCxvFw	3	3.1966	3.5000	5	5	0.01966	0.03034	10	6	4
83	GCxvF[	3	3.1966	3.5000	5	5	0.01966	0.03034	10	6	4
84	GCxvF{	3	3.1966	3.5000	5	6	0.01966	0.03034	10	5	4
85	GCrbbo	3	3.2361	3.5000	4	5	0.02146	0.02399	11	7	4
86	GCxvBo	3	3.2361	3.5000	4	5	0.02146	0.02399	11	6	4
87	GCQbvO	3	3.1966	3.5000	4	5	0.02184	0.03372	9	8	4
88	GCQfQw	3	3.1966	3.5000	4	5	0.02184	0.03372	9	8	4
89	GCR`sw	3	3.1966	3.5000	4	5	0.02184	0.03372	9	7	4
90	GCR`vo	3	3.1966	3.5000	4	5	0.02184	0.03372	9	5	4
91	GCrbcw	3	3.1966	3.5000	4	5	0.02184	0.03372	9	8	4
92	GCrbdc	3	3.1966	3.5000	4	5	0.02184	0.03372	9	8	4
93	GCrbdg	3	3.1966	3.5000	4	5	0.02184	0.03372	9	8	4
94	GCrbdW	3	3.1966	3.5000	4	4	0.02184	0.03372	9	7	4
95	GCrbeo	3	3.1966	3.5000	4	5	0.02184	0.03372	9	8	4
96	GCrbec	3	3.1966	3.5000	4	4	0.02184	0.03372	9	7	4
97	GCrbeS	3	3.1966	3.5000	4	5	0.02184	0.03372	9	7	4
98	GCrbfG	3	3.1966	3.5000	4	5	0.02184	0.03372	9	8	4
99	GCR`tw	3	3.1966	3.5000	4	5	0.02184	0.03372	9	6	4
100	GCrbds	3	3.1966	3.5000	4	5	0.02184	0.03372	9	8	4
101	GCrbdw	3	3.1966	3.5000	4	5	0.02184	0.03372	9	8	4
102	GCrbfc	3	3.1966	3.5000	4	5	0.02184	0.03372	9	7	4
103	GCrbfg	3	3.1966	3.5000	4	5	0.02184	0.03372	9	7	4
104	GCrbfS	3	3.1966	3.5000	4	5	0.02184	0.03372	9	6	4
105	GCrbek	3	3.1966	3.5000	4	4	0.02184	0.03372	9	6	4
106	GCrbes	3	3.1966	3.5000	4	4	0.02184	0.03372	9	8	4
107	GCrbfs	3	3.1966	3.5000	4	5	0.02184	0.03372	9	7	4
108	GCrJfO	3	3.1966	3.5000	5	5	0.02184	0.03372	9	8	4
109	GCrbew	3	3.1966	3.5000	5	6	0.02184	0.03372	9	8	4
110	GCrbfK	3	3.1966	3.5000	5	5	0.02184	0.03372	9	7	4
111	GCrbfW	3	3.1966	3.5000	5	6	0.02184	0.03372	9	8	4
112	GCrbfw	3	3.1966	3.5000	5	5	0.02184	0.03372	9	7	4
113	GCrbf[	3	3.1966	3.5000	5	5	0.02184	0.03372	9	7	4
114	GCrbfk	3	3.1966	3.5000	5	5	0.02184	0.03372	9	7	4
115	GCrbf{	3	3.1966	3.5000	5	6	0.02184	0.03372	9	6	4
116	GCrbdo	3	3.2251	3.5000	4	5	0.02251	0.02749	10	8	4
117	GCpb`w	3	3.2361	3.5000	4	5	0.02361	0.02639	10	8	4
118	GCR`v_	3	3.2361	3.5000	4	5	0.02361	0.02639	10	6	4
119	GCRbfO	3	3.2361	3.5000	4	5	0.02361	0.02639	10	7	4
120	GCY^F_	3	3.2361	3.5000	4	5	0.02361	0.02639	10	7	4
121	GCZbaw	3	3.2361	3.5000	4	5	0.02361	0.02639	10	7	4
122	GCZbfO	3	3.2361	3.5000	4	5	0.02361	0.02639	10	6	4
123	GCZbc{	3	3.2361	3.5000	4	5	0.02361	0.02639	10	6	4
124	GCxvBS	3	3.2361	3.5000	5	5	0.02361	0.02639	10	6	4
125	GCZbbw	3	3.2361	3.5000	5	4	0.02361	0.02639	10	6	4
126	GCQeRo	3	3.1966	3.5000	4	5	0.02457	0.03793	8	7	4
127	GCOfcw	3	3.1966	3.5000	4	5	0.02457	0.03793	8	7	4
128	GCR`tg	3	3.1966	3.5000	4	5	0.02457	0.03793	8	7	4
129	GCR`ug	3	3.1966	3.5000	4	4	0.02457	0.03793	8	7	4
130	GCR`vG	3	3.1966	3.5000	4	5	0.02457	0.03793	8	7	4
131	GCR`sk	3	3.1966	3.5000	4	5	0.02457	0.03793	8	7	4
132	GCR`tK	3	3.1966	3.5000	4	5	0.02457	0.03793	8	7	4
133	GCR`rk	3	3.1966	3.5000	4	4	0.02457	0.03793	8	6	4
134	GCR`uk	3	3.1966	3.5000	4	5	0.02457	0.03793	8	6	4
135	GCR`uw	3	3.1966	3.5000	4	5	0.02457	0.03793	8	7	4
136	GCR`vg	3	3.1966	3.5000	4	5	0.02457	0.03793	8	7	4
137	GCR`vK	3	3.1966	3.5000	4	5	0.02457	0.03793	8	6	4
138	GCR`tk	3	3.1966	3.5000	4	5	0.02457	0.03793	8	7	4
139	GCR`vw	3	3.1966	3.5000	4	4	0.02457	0.03793	8	6	4
140	GCR`u{	3	3.1966	3.5000	4	5	0.02457	0.03793	8	6	4
141	GCR`vk	3	3.1966	3.5000	4	5	0.02457	0.03793	8	6	4
142	GCR`v{	3	3.1966	3.5000	4	4	0.02457	0.03793	8	5	4
143	G?bAV_	4	4.2361	4.5000	4	4	0.02623	0.02933	9	6	5
144	GCpd`o	3	3.2361	3.5000	4	4	0.02623	0.02933	9	7	4
145	GCR`u_	3	3.2361	3.5000	4	4	0.02623	0.02933	9	6	4
146	GCQbbo	3	3.2361	3.5000	4	4	0.02623	0.02933	9	7	4
147	GCQbfO	3	3.2361	3.5000	4	4	0.02623	0.02933	9	7	4
148	GCpbdo	3	3.2361	3.5000	4	5	0.02623	0.02933	9	8	4
149	GCXecw	3	3.2361	3.5000	4	5	0.02623	0.02933	9	7	4
150	GCpbbg	3	3.2361	3.5000	4	5	0.02623	0.02933	9	7	4
151	GCpbfG	3	3.2361	3.5000	4	5	0.02623	0.02933	9	7	4
152	GCpbfO	3	3.2361	3.5000	4	5	0.02623	0.02933	9	7	4
153	GCQbro	3	3.2361	3.5000	4	4	0.02623	0.02933	9	7	4
154	GCRbcw	3	3.2361	3.5000	4	5	0.02623	0.02933	9	8	4
155	GCR`rg	3	3.2361	3.5000	4	5	0.02623	0.02933	9	7	4
156	GCRb`[	3	3.2361	3.5000	4	5	0.02623	0.02933	9	7	4
157	GCRVDW	3	3.2361	3.5000	4	5	0.02623	0.02933	9	7	4
158	GCZbeo	3	3.2361	3.5000	4	5	0.02623	0.02933	9	6	4
159	GCpVbo	3	3.2361	3.5000	4	5	0.02623	0.02933	9	7	4
160	GCRbfo	3	3.2361	3.5000	4	5	0.02623	0.02933	9	6	4
161	GCZbck	3	3.2361	3.5000	4	5	0.02623	0.02933	9	7	4
162	GCZbeg	3	3.2361	3.5000	4	4	0.02623	0.02933	9	7	4
163	GCZJfG	3	3.2361	3.5000	4	5	0.02623	0.02933	9	7	4
164	GCZJfO	3	3.2361	3.5000	4	4	0.02623	0.02933	9	7	4
165	GCrbeg	3	3.2361	3.5000	4	5	0.02623	0.02933	9	7	4
166	GCZba[	3	3.2361	3.5000	4	4	0.02623	0.02933	9	7	4
167	GCZbeK	3	3.2361	3.5000	4	5	0.02623	0.02933	9	7	4
168	GCZbfG	3	3.2361	3.5000	4	5	0.02623	0.02933	9	7	4
169	GCpbbw	3	3.2361	3.5000	4	5	0.02623	0.02933	9	7	4
170	GCpbfo	3	3.2361	3.5000	4	5	0.02623	0.02933	9	7	4
171	GCRbbw	3	3.2361	3.5000	4	5	0.02623	0.02933	9	6	4
172	GCRbc{	3	3.2361	3.5000	4	5	0.02623	0.02933	9	7	4
173	GCRbd[	3	3.2361	3.5000	4	5	0.02623	0.02933	9	6	4
174	GCRbdw	3	3.2361	3.5000	4	6	0.02623	0.02933	9	8	4
175	GCZbfo	3	3.2361	3.5000	4	5	0.02623	0.02933	9	5	4
176	GCpVfo	3	3.2361	3.5000	4	6	0.02623	0.02933	9	6	4
177	GCZbe[	3	3.2361	3.5000	4	5	0.02623	0.02933	9	6	4
178	GCZbew	3	3.2361	3.5000	4	6	0.02623	0.02933	9	7	4
179	GCZbfg	3	3.2361	3.5000	4	5	0.02623	0.02933	9	6	4
180	GCZbek	3	3.2361	3.5000	4	6	0.02623	0.02933	9	7	4
181	GCRbd{	3	3.2361	3.5000	4	5	0.02623	0.02933	9	7	4
182	GCZbe{	3	3.2361	3.5000	4	4	0.02623	0.02933	9	6	4
183	GCXnBo	3	3.2361	3.5000	5	5	0.02623	0.02933	9	7	4
184	GCZbbK	3	3.2361	3.5000	5	5	0.02623	0.02933	9	7	4
185	GCpbfK	3	3.2361	3.5000	5	5	0.02623	0.02933	9	7	4
186	GCZbfK	3	3.2361	3.5000	5	5	0.02623	0.02933	9	6	4
187	GCZbfW	3	3.2361	3.5000	5	6	0.02623	0.02933	9	7	4
188	GCZbb[	3	3.2361	3.5000	5	5	0.02623	0.02933	9	7	4
189	GCpVvo	3	3.2361	3.5000	5	4	0.02623	0.02933	9	6	4
190	GCZbfw	3	3.2361	3.5000	5	5	0.02623	0.02933	9	6	4
191	GCZbf[	3	3.2361	3.5000	5	5	0.02623	0.02933	9	6	4
192	GCZbfk	3	3.2361	3.5000	5	5	0.02623	0.02933	9	6	4
193	GCZbf{	3	3.2361	3.5000	5	5	0.02623	0.02933	9	5	4
194	GCY^B_	3	3.2749	3.6667	4	4	0.02749	0.03917	10	6	4
195	G?b@aS	4	4.2361	4.5000	3	4	0.02951	0.03299	8	5	5
196	GCQbeO	3	3.2361	3.5000	3	4	0.02951	0.03299	8	7	4
197	GCQbR_	3	3.2361	3.5000	4	4	0.02951	0.03299	8	7	4
198	GCQ`fO	3	3.2361	3.5000	4	5	0.02951	0.03299	8	8	4
199	G?bAVo	4	4.2361	4.5000	4	5	0.02951	0.03299	8	5	5
200	GCXeco	3	3.2361	3.5000	4	4	0.02951	0.03299	8	8	4
201	GCQbdW	3	3.2361	3.5000	4	5	0.02951	0.03299	8	7	4
202	GCQbfG	3	3.2361	3.5000	4	5	0.02951	0.03299	8	7	4
203	GCQbQw	3	3.2361	3.5000	4	5	0.02951	0.03299	8	8	4
204	GCQbRo	3	3.2361	3.5000	4	5	0.02951	0.03299	8	8	4
205	GCQeQw	3	3.2361	3.5000	4	5	0.02951	0.03299	8	8	4
206	GCOfdo	3	3.2361	3.5000	4	5	0.02951	0.03299	8	7	4
207	GCQbcs	3	3.2361	3.5000	4	4	0.02951	0.03299	8	7	4
208	GCQbeS	3	3.2361	3.5000	4	5	0.02951	0.03299	8	7	4
209	GCQb`s	3	3.2361	3.5000	4	5	0.02951	0.03299	8	7	4
210	GCpbdg	3	3.2361	3.5000	4	5	0.02951	0.03299	8	7	4
211	GCR`uo	3	3.2361	3.5000	4	5	0.02951	0.03299	8	6	4
212	GCRbeo	3	3.2361	3.5000	4	4	0.02951	0.03299	8	7	4
213	GCQbfo	3	3.2361	3.5000	4	4	0.02951	0.03299	8	6	4
214	GCpbeo	3	3.2361	3.5000	4	5	0.02951	0.03299	8	8	4
215	GCpdcw	3	3.2361	3.5000	4	5	0.02951	0.03299	8	8	4
216	GCpddo	3	3.2361	3.5000	4	5	0.02951	0.03299	8	8	4
217	GCRbdg	3	3.2361	3.5000	4	5	0.02951	0.03299	8	8	4
218	GCpbQw	3	3.2361	3.5000	4	4	0.02951	0.03299	8	8	4
219	GCpbRc	3	3.2361	3.5000	4	4	0.02951	0.03299	8	7	4
220	GCQudo	3	3.2361	3.5000	4	5	0.02951	0.03299	8	8	4
221	GCQvCs	3	3.2361	3.5000	4	5	0.02951	0.03299	8	7	4
222	GCQvDW	3	3.2361	3.5000	4	4	0.02951	0.03299	8	7	4
223	GCRbck	3	3.2361	3.5000	4	4	0.02951	0.03299	8	7	4
224	GCRbdK	3	3.2361	3.5000	4	5	0.02951	0.03299	8	7	4
225	GCRbfG	3	3.2361	3.5000	4	5	0.02951	0.03299	8	8	4
226	GCRctS	3	3.2361	3.5000	4	5	0.02951	0.03299	8	8	4
227	GCRVBg	3	3.2361	3.5000	4	5	0.02951	0.03299	8	7	4
228	GCRba[	3	3.2361	3.5000	4	5	0.02951	0.03299	8	8	4
229	GCQbd[	3	3.2361	3.5000	4	4	0.02951	0.03299	8	6	4
230	GCQbds	3	3.2361	3.5000	4	5	0.02951	0.03299	8	6	4
231	GCQbdw	3	3.2361	3.5000	4	5	0.02951	0.03299	8	7	4
232	GCQbfg	3	3.2361	3.5000	4	4	0.02951	0.03299	8	6	4
233	GCQbfS	3	3.2361	3.5000	4	4	0.02951	0.03299	8	6	4
234	GCqjfC	3	3.2361	3.5000	4	5	0.02951	0.03299	8	8	4
235	GCpVV_	3	3.2361	3.5000	4	5	0.02951	0.03299	8	7	4
236	GCpbdw	3	3.2361	3.5000	4	5	0.02951	0.03299	8	8	4
237	GCpbfg	3	3.2361	3.5000	4	6	0.02951	0.03299	8	6	4
238	GCZJas	3	3.2361	3.5000	4	5	0.02951	0.03299	8	8	4
239	GCRfeg	3	3.2361	3.5000	4	5	0.02951	0.03299	8	7	4
240	GCpbbs	3	3.2361	3.5000	4	5	0.02951	0.03299	8	7	4
241	GCpbew	3	3.2361	3.5000	4	5	0.02951	0.03299	8	8	4
242	GCpbfc	3	3.2361	3.5000	4	5	0.02951	0.03299	8	7	4
243	GCpbfS	3	3.2361	3.5000	4	5	0.02951	0.03299	8	6	4
244	GCpbfW	3	3.2361	3.5000	4	4	0.02951	0.03299	8	8	4
245	GCpdQ{	3	3.2361	3.5000	4	4	0.02951	0.03299	8	7	4
246	GCRbe[	3	3.2361	3.5000	4	5	0.02951	0.03299	8	7	4
247	GCRbew	3	3.2361	3.5000	4	5	0.02951	0.03299	8	8	4
248	GCRbfg	3	3.2361	3.5000	4	5	0.02951	0.03299	8	7	4
249	GCRbfW	3	3.2361	3.5000	4	5	0.02951	0.03299	8	8	4
250	GCpbes	3	3.2361	3.5000	4	6	0.02951	0.03299	8	8	4
251	GCRbdk	3	3.2361	3.5000	4	5	0.02951	0.03299	8	8	4
252	GCRbek	3	3.2361	3.5000	4	4	0.02951	0.03299	8	6	4
253	GCQbd{	3	3.2361	3.5000	4	5	0.02951	0.03299	8	6	4
254	GCpVdw	3	3.2361	3.5000	4	5	0.02951	0.03299	8	7	4
255	GCpVfW	3	3.2361	3.5000	4	5	0.02951	0.03299	8	7	4
256	GCpVd[	3	3.2361	3.5000	4	5	0.02951	0.03299	8	5	4
257	GCpVTw	3	3.2361	3.5000	4	5	0.02951	0.03299	8	9	4
258	GCpVbs	3	3.2361	3.5000	4	5	0.02951	0.03299	8	6	4
259	GCpbfw	3	3.2361	3.5000	4	5	0.02951	0.03299	8	7	4
260	GCRbfw	3	3.2361	3.5000	4	5	0.02951	0.03299	8	7	4
261	GCpbfs	3	3.2361	3.5000	4	5	0.02951	0.03299	8	7	4
262	GCRbe{	3	3.2361	3.5000	4	6	0.02951	0.03299	8	7	4
263	GCpVvg	3	3.2361	3.5000	4	6	0.02951	0.03299	8	8	4
264	GCpVfw	3	3.2361	3.5000	4	6	0.02951	0.03299	8	6	4
265	GCpbbK	3	3.2361	3.5000	5	5	0.02951	0.03299	8	8	4
266	GCRStK	3	3.2361	3.5000	5	5	0.02951	0.03299	8	8	4
267	GCpbbk	3	3.2361	3.5000	5	5	0.02951	0.03299	8	8	4
268	GCRbb[	3	3.2361	3.5000	5	5	0.02951	0.03299	8	8	4
269	GCRbfK	3	3.2361	3.5000	5	5	0.02951	0.03299	8	7	4
270	GCpVVo	3	3.2361	3.5000	5	6	0.02951	0.03299	8	7	4
271	GCpUvo	3	3.2361	3.5000	5	5	0.02951	0.03299	8	7	4
272	GCpbb{	3	3.2361	3.5000	5	5	0.02951	0.03299	8	7	4
273	GCpbfk	3	3.2361	3.5000	5	5	0.02951	0.03299	8	7	4
274	GCRbf[	3	3.2361	3.5000	5	6	0.02951	0.03299	8	7	4
275	GCRbfk	3	3.2361	3.5000	5	5	0.02951	0.03299	8	7	4
276	GCpVVw	3	3.2361	3.5000	5	5	0.02951	0.03299	8	8	4
277	GCpbf{	3	3.2361	3.5000	5	5	0.02951	0.03299	8	6	4
278	GCRbf{	3	3.2361	3.5000	5	5	0.02951	0.03299	8	6	4
279	GCpV~w	3	3.2361	3.5000	5	6	0.02951	0.03299	8	6	4
280	GCRbdo	3	3.3292	3.6667	4	5	0.03292	0.03374	10	7	4
281	GCrbdS	3	3.2989	3.5000	4	5	0.03321	0.02234	9	6	4
282	GCpbaw	3	3.3017	3.5000	4	4	0.03352	0.02203	9	8	4
283	GCQRDO	3	3.2361	3.5000	3	4	0.03372	0.03770	7	8	4
284	G?bATo	4	4.2361	4.5000	3	4	0.03372	0.03770	7	6	5
285	GCQbeW	3	3.2361	3.5000	3	4	0.03372	0.03770	7	7	4
286	GCQbQW	3	3.2361	3.5000	4	4	0.03372	0.03770	7	7	4
287	GCOedo	3	3.2361	3.5000	4	5	0.03372	0.03770	7	7	4
288	GCQ`fG	3	3.2361	3.5000	4	5	0.03372	0.03770	7	7	4
289	GCQRDo	3	3.2361	3.5000	4	4	0.03372	0.03770	7	7	4
290	G?bAVg	4	4.2361	4.5000	4	5	0.03372	0.03770	7	7	5
291	GCQbeo	3	3.2361	3.5000	4	5	0.03372	0.03770	7	7	4
292	GCQ`fo	3	3.2361	3.5000	4	4	0.03372	0.03770	7	7	4
293	GCQbdg	3	3.2361	3.5000	4	5	0.03372	0.03770	7	7	4
294	GCQbbc	3	3.2361	3.5000	4	5	0.03372	0.03770	7	7	4
295	GCQbdc	3	3.2361	3.5000	4	4	0.03372	0.03770	7	7	4
296	GCQbdK	3	3.2361	3.5000	4	5	0.03372	0.03770	7	7	4
297	GCQbec	3	3.2361	3.5000	4	4	0.03372	0.03770	7	7	4
298	GCQbRc	3	3.2361	3.5000	4	5	0.03372	0.03770	7	7	4
299	GCQ`fg	3	3.2361	3.5000	4	4	0.03372	0.03770	7	6	4
300	G?bAVw	4	4.2361	4.5000	4	5	0.03372	0.03770	7	6	5
301	GCpdRg	3	3.2361	3.5000	4	5	0.03372	0.03770	7	9	4
302	GCpdeg	3	3.2361	3.5000	4	5	0.03372	0.03770	7	8	4
303	GCpdVG	3	3.2361	3.5000	4	5	0.03372	0.03770	7	8	4
304	GCRSrK	3	3.2361	3.5000	4	5	0.03372	0.03770	7	7	4
305	GCQbe[	3	3.2361	3.5000	4	5	0.03372	0.03770	7	6	4
306	GCQbfW	3	3.2361	3.5000	4	5	0.03372	0.03770	7	7	4
307	GCQvEc	3	3.2361	3.5000	4	5	0.03372	0.03770	7	8	4
308	GCRcug	3	3.2361	3.5000	4	5	0.03372	0.03770	7	8	4
309	GCQbbs	3	3.2361	3.5000	4	5	0.03372	0.03770	7	7	4
310	GCQbes	3	3.2361	3.5000	4	4	0.03372	0.03770	7	7	4
311	GCQbfc	3	3.2361	3.5000	4	5	0.03372	0.03770	7	6	4
312	GCQbfK	3	3.2361	3.5000	4	5	0.03372	0.03770	7	6	4
313	GCQbdk	3	3.2361	3.5000	4	5	0.03372	0.03770	7	7	4
314	GCQ`fk	3	3.2361	3.5000	4	5	0.03372	0.03770	7	7	4
315	G?bAV{	4	4.2361	4.5000	4	5	0.03372	0.03770	7	5	5
316	GCZLas	3	3.2361	3.5000	4	5	0.03372	0.03770	7	10	4
317	GCpUvG	3	3.2361	3.5000	4	4	0.03372	0.03770	7	7	4
318	GCrbTS	3	3.2361	3.5000	4	5	0.03372	0.03770	7	7	4
319	GCpdRs	3	3.2361	3.5000	4	4	0.03372	0.03770	7	6	4
320	GCpdRw	3	3.2361	3.5000	4	5	0.03372	0.03770	7	8	4
321	GCpdTw	3	3.2361	3.5000	4	5	0.03372	0.03770	7	7	4
322	GCpdVo	3	3.2361	3.5000	4	5	0.03372	0.03770	7	6	4
323	GCRSvo	3	3.2361	3.5000	4	5	0.03372	0.03770	7	7	4
324	GCQbfw	3	3.2361	3.5000	4	5	0.03372	0.03770	7	6	4
325	GCrRSs	3	3.2361	3.5000	4	5	0.03372	0.03770	7	9	4
326	GCpdVW	3	3.2361	3.5000	4	5	0.03372	0.03770	7	7	4
327	GCRSvW	3	3.2361	3.5000	4	5	0.03372	0.03770	7	9	4
328	GCQbf[	3	3.2361	3.5000	4	5	0.03372	0.03770	7	6	4
329	GCQbfs	3	3.2361	3.5000	4	4	0.03372	0.03770	7	6	4
330	GCQbfk	3	3.2361	3.5000	4	4	0.03372	0.03770	7	6	4
331	GCpdS{	3	3.2361	3.5000	4	5	0.03372	0.03770	7	7	4
332	GCRStw	3	3.2361	3.5000	4	5	0.03372	0.03770	7	7	4
333	GCpVVg	3	3.2361	3.5000	4	6	0.03372	0.03770	7	9	4
334	GCpVP{	3	3.2361	3.5000	4	5	0.03372	0.03770	7	7	4
335	GCpUvg	3	3.2361	3.5000	4	5	0.03372	0.03770	7	8	4
336	GCpVew	3	3.2361	3.5000	4	6	0.03372	0.03770	7	7	4
337	GCpdR{	3	3.2361	3.5000	4	4	0.03372	0.03770	7	7	4
338	GCQbf{	3	3.2361	3.5000	4	4	0.03372	0.03770	7	5	4
339	GCpVc{	3	3.2361	3.5000	4	5	0.03372	0.03770	7	6	4
340	GCpVds	3	3.2361	3.5000	4	5	0.03372	0.03770	7	7	4
341	GCpVfc	3	3.2361	3.5000	4	5	0.03372	0.03770	7	6	4
342	GCpVd{	3	3.2361	3.5000	4	5	0.03372	0.03770	7	6	4
343	GQyuvg	2	2.2361	2.5000	4	6	0.03372	0.03770	7	11	3
344	GCrbUW	3	3.2361	3.5000	5	5	0.03372	0.03770	7	8	4
345	GCRSvK	3	3.2361	3.5000	5	5	0.03372	0.03770	7	7	4
346	GCpVe[	3	3.2361	3.5000	5	5	0.03372	0.03770	7	6	4
347	GCpVfS	3	3.2361	3.5000	5	5	0.03372	0.03770	7	7	4
348	GCpVUw	3	3.2361	3.5000	5	5	0.03372	0.03770	7	9	4
349	GCpVUk	3	3.2361	3.5000	5	6	0.03372	0.03770	7	8	4
350	GCRSv[	3	3.2361	3.5000	5	5	0.03372	0.03770	7	8	4
351	GCpVes	3	3.2361	3.5000	5	5	0.03372	0.03770	7	6	4
352	GCpVvW	3	3.2361	3.5000	5	5	0.03372	0.03770	7	8	4
353	GCpVf[	3	3.2361	3.5000	5	5	0.03372	0.03770	7	6	4
354	GCpVe{	3	3.2361	3.5000	5	5	0.03372	0.03770	7	6	4
355	GCpVfs	3	3.2361	3.5000	5	5	0.03372	0.03770	7	6	4
356	GCpVvw	3	3.2361	3.5000	5	5	0.03372	0.03770	7	7	4
357	GCpU~w	3	3.2361	3.5000	5	5	0.03372	0.03770	7	7	4
358	GCpVf{	3	3.2361	3.5000	5	6	0.03372	0.03770	7	5	4
359	GQz^ds	2	2.2361	2.5000	5	5	0.03372	0.03770	7	10	3
360	GUzrvW	2	2.2361	2.5000	5	6	0.03372	0.03770	7	9	3
361	GCrb`o	3	3.4142	4.0000	4	4	0.03452	0.04882	12	8	4
362	GCpbdO	3	3.3310	3.6667	4	4	0.03677	0.03730	9	7	4
363	GCRb`w	3	3.3723	3.6667	4	5	0.03723	0.02944	10	6	4
364	GCpbeg	3	3.3017	3.5000	4	5	0.03771	0.02479	8	6	4
365	GCpdPw	3	3.3017	3.5000	4	5	0.03771	0.02479	8	8	4
366	GCQ`eo	3	3.2361	3.5000	3	4	0.03934	0.04399	6	8	4
367	GCQuQo	3	3.2361	3.5000	4	4	0.03934	0.04399	6	9	4
368	GCQbUW	3	3.2361	3.5000	4	4	0.03934	0.04399	6	8	4
369	GCQ`fW	3	3.2361	3.5000	4	5	0.03934	0.04399	6	8	4
370	GCpdUg	3	3.2361	3.5000	4	4	0.03934	0.04399	6	8	4
371	GCpdRW	3	3.2361	3.5000	4	5	0.03934	0.04399	6	8	4
372	GCQuQw	3	3.2361	3.5000	4	5	0.03934	0.04399	6	10	4
373	GCpbUW	3	3.2361	3.5000	4	4	0.03934	0.04399	6	7	4
374	GCpddS	3	3.2361	3.5000	4	5	0.03934	0.04399	6	7	4
375	GCQ`fw	3	3.2361	3.5000	4	5	0.03934	0.04399	6	7	4
376	GCdedc	3	3.2361	3.5000	4	4	0.03934	0.04399	6	8	4
377	GCQucw	3	3.2361	3.5000	4	5	0.03934	0.04399	6	8	4
378	GCpdVg	3	3.2361	3.5000	4	5	0.03934	0.04399	6	8	4
379	GCpVUg	3	3.2361	3.5000	4	4	0.03934	0.04399	6	9	4
380	GCpdUw	3	3.2361	3.5000	4	5	0.03934	0.04399	6	8	4
381	GCRSr[	3	3.2361	3.5000	4	4	0.03934	0.04399	6	9	4
382	GCpdR[	3	3.2361	3.5000	4	5	0.03934	0.04399	6	8	4
383	GCQ`f{	3	3.2361	3.5000	4	6	0.03934	0.04399	6	6	4
384	GCpdU[	3	3.2361	3.5000	4	5	0.03934	0.04399	6	7	4
385	GCpdUs	3	3.2361	3.5000	4	5	0.03934	0.04399	6	8	4
386	GCpdVS	3	3.2361	3.5000	4	4	0.03934	0.04399	6	7	4
387	GCRSvg	3	3.2361	3.5000	4	5	0.03934	0.04399	6	9	4
388	GCpVTk	3	3.2361	3.5000	4	5	0.03934	0.04399	6	9	4
389	GCpdVw	3	3.2361	3.5000	4	4	0.03934	0.04399	6	7	4
390	GCpVS{	3	3.2361	3.5000	4	5	0.03934	0.04399	6	8	4
391	GCpVTs	3	3.2361	3.5000	4	5	0.03934	0.04399	6	9	4
392	GCpdU{	3	3.2361	3.5000	4	4	0.03934	0.04399	6	7	4
393	GCpdV[	3	3.2361	3.5000	4	4	0.03934	0.04399	6	7	4
394	GCpdVs	3	3.2361	3.5000	4	4	0.03934	0.04399	6	7	4
395	GCRSvw	3	3.2361	3.5000	4	5	0.03934	0.04399	6	8	4
396	GCpVT{	3	3.2361	3.5000	4	7	0.03934	0.04399	6	8	4
397	GCpdV{	3	3.2361	3.5000	4	5	0.03934	0.04399	6	6	4
398	GQjRvg	2	2.2361	2.5000	4	6	0.03934	0.04399	6	12	3
399	GQz^fc	2	2.2361	2.5000	4	6	0.03934	0.04399	6	10	3
400	GCRStk	3	3.2361	3.5000	5	6	0.03934	0.04399	6	9	4
401	GCpUvW	3	3.2361	3.5000	5	5	0.03934	0.04399	6	8	4
402	GCpVUs	3	3.2361	3.5000	5	5	0.03934	0.04399	6	8	4
403	GCpVVS	3	3.2361	3.5000	5	6	0.03934	0.04399	6	9	4
404	GCRSvk	3	3.2361	3.5000	5	5	0.03934	0.04399	6	8	4
405	GCpVuw	3	3.2361	3.5000	5	5	0.03934	0.04399	6	8	4
406	GCpUvw	3	3.2361	3.5000	5	6	0.03934	0.04399	6	7	4
407	GCpVVk	3	3.2361	3.5000	5	6	0.03934	0.04399	6	8	4
408	GCpUvk	3	3.2361	3.5000	5	5	0.03934	0.04399	6	7	4
409	GCpUv[	3	3.2361	3.5000	5	5	0.03934	0.04399	6	7	4
410	GCpVU{	3	3.2361	3.5000	5	5	0.03934	0.04399	6	8	4
411	GCpVVs	3	3.2361	3.5000	5	6	0.03934	0.04399	6	8	4
412	GCRSv{	3	3.2361	3.5000	5	5	0.03934	0.04399	6	7	4
413	GCpUvs	3	3.2361	3.5000	5	6	0.03934	0.04399	6	7	4
414	GCpVvk	3	3.2361	3.5000	5	6	0.03934	0.04399	6	7	4
415	GQjRvS	2	2.2361	2.5000	5	6	0.03934	0.04399	6	12	3
416	GCpVv[	3	3.2361	3.5000	5	5	0.03934	0.04399	6	7	4
417	GCpVV{	3	3.2361	3.5000	5	6	0.03934	0.04399	6	7	4
418	GCpVu{	3	3.2361	3.5000	5	5	0.03934	0.04399	6	7	4
419	GCpVvs	3	3.2361	3.5000	5	5	0.03934	0.04399	6	7	4
420	GCpUv{	3	3.2361	3.5000	5	6	0.03934	0.04399	6	6	4
421	GQyuuk	2	2.2361	2.5000	5	5	0.03934	0.04399	6	11	3
422	GQjnew	2	2.2361	2.5000	5	6	0.03934	0.04399	6	11	3
423	GQjurk	2	2.2361	2.5000	5	6	0.03934	0.04399	6	11	3
424	GQzTvW	2	2.2361	2.5000	5	6	0.03934	0.04399	6	11	3
425	GQjuuk	2	2.2361	2.5000	5	6	0.03934	0.04399	6	11	3
426	GQjRvk	2	2.2361	2.5000	5	6	0.03934	0.04399	6	11	3
427	GQjlvg	2	2.2361	2.5000	5	6	0.03934	0.04399	6	11	3
428	GQyvTw	2	2.2361	2.5000	5	6	0.03934	0.04399	6	11	3
429	GCpVv{	3	3.2361	3.5000	5	5	0.03934	0.04399	6	6	4
430	GCpU~{	3	3.2361	3.5000	5	5	0.03934	0.04399	6	6	4
431	GUZuvW	2	2.2361	2.5000	5	6	0.03934	0.04399	6	10	3
432	GQy~ew	2	2.2361	2.5000	5	6	0.03934	0.04399	6	10	3
433	GQz^fS	2	2.2361	2.5000	5	6	0.03934	0.04399	6	10	3
434	GQyuvk	2	2.2361	2.5000	5	6	0.03934	0.04399	6	10	3
435	GQyuvw	2	2.2361	2.5000	5	5	0.03934	0.04399	6	10	3
436	GQz^d[	2	2.2361	2.5000	5	6	0.03934	0.04399	6	10	3
437	GQzvTw	2	2.2361	2.5000	5	6	0.03934	0.04399	6	10	3
438	GQjuv[	2	2.2361	2.5000	5	7	0.03934	0.04399	6	10	3
439	GQyuu{	2	2.2361	2.5000	5	6	0.03934	0.04399	6	10	3
440	GQyvVw	2	2.2361	2.5000	5	7	0.03934	0.04399	6	10	3
441	GQyuvs	2	2.2361	2.5000	5	5	0.03934	0.04399	6	10	3
442	GCpV~{	3	3.2361	3.5000	5	5	0.03934	0.04399	6	5	4
443	GUZvvW	2	2.2361	2.5000	5	6	0.03934	0.04399	6	9	3
444	GQyu~w	2	2.2361	2.5000	5	7	0.03934	0.04399	6	9	3
445	GQz^d{	2	2.2361	2.5000	5	7	0.03934	0.04399	6	9	3
446	GQz^fs	2	2.2361	2.5000	5	6	0.03934	0.04399	6	9	3
447	GQz^f[	2	2.2361	2.5000	5	6	0.03934	0.04399	6	9	3
448	GQz^fw	2	2.2361	2.5000	5	7	0.03934	0.04399	6	9	3
449	GQyu~s	2	2.2361	2.5000	5	6	0.03934	0.04399	6	9	3
450	GQyu}{	2	2.2361	2.5000	5	7	0.03934	0.04399	6	9	3
451	GQyuv{	2	2.2361	2.5000	5	6	0.03934	0.04399	6	9	3
452	GUZvvw	2	2.2361	2.5000	5	7	0.03934	0.04399	6	8	3
453	GQz^f{	2	2.2361	2.5000	5	7	0.03934	0.04399	6	8	3
454	GUZ~vw	2	2.2361	2.5000	5	6	0.03934	0.04399	6	7	3
455	GQjlvk	2	2.2361	2.5000	6	7	0.03934	0.04399	6	10	3
456	GQyuz{	2	2.2361	2.5000	6	7	0.03934	0.04399	6	9	3
457	GQyu~[	2	2.2361	2.5000	6	7	0.03934	0.04399	6	9	3
458	GQyv~w	2	2.2361	2.5000	6	7	0.03934	0.04399	6	8	3
459	GQyu~{	2	2.2361	2.5000	6	7	0.03934	0.04399	6	8	3
460	GUZ~vk	2	2.2361	2.5000	6	5	0.03934	0.04399	6	7	3
461	GUZ~v{	2	2.2361	2.5000	6	6	0.03934	0.04399	6	6	3
462	GCp`fO	3	3.3177	3.5000	4	5	0.03971	0.02279	8	8	4
463	GCp`fo	3	3.3177	3.5000	4	6	0.03971	0.02279	8	8	4
464	GCR`r_	3	3.4384	4.0000	4	4	0.03986	0.05105	11	6	4
465	GCQbdo	3	3.3723	3.6667	4	5	0.04136	0.03271	9	7	4
466	GQyurg	2	2.3431	2.6667	4	5	0.04289	0.04044	8	12	3
467	GQyuzw	2	2.3146	2.6667	5	6	0.04494	0.05030	7	10	3
468	GCp`eO	3	3.3177	3.5000	4	4	0.04538	0.02605	7	9	4
469	GCp`eg	3	3.3177	3.5000	4	5	0.04538	0.02605	7	7	4
470	GCp`eo	3	3.3177	3.5000	4	5	0.04538	0.02605	7	9	4
471	GCp`fg	3	3.3177	3.5000	4	5	0.04538	0.02605	7	7	4
472	GCp`fW	3	3.3177	3.5000	4	5	0.04538	0.02605	7	9	4
473	GCp`fw	3	3.3177	3.5000	4	5	0.04538	0.02605	7	8	4
474	GCp`f{	3	3.3177	3.5000	4	4	0.04538	0.02605	7	7	4
475	GCp`dO	3	3.3723	3.6667	3	4	0.04654	0.03680	8	7	4
476	GCQb`o	3	3.4678	4.0000	4	4	0.04678	0.05322	10	7	4
477	GQjRug	2	2.2361	2.5000	4	5	0.04721	0.05279	5	13	3
478	GQjRrs	2	2.2361	2.5000	4	6	0.04721	0.05279	5	12	3
479	GQjuvg	2	2.2361	2.5000	4	5	0.04721	0.05279	5	11	3
480	GQjRvw	2	2.2361	2.5000	4	6	0.04721	0.05279	5	11	3
481	GQhVTw	2	2.2361	2.5000	5	6	0.04721	0.05279	5	13	3
482	GQhVvW	2	2.2361	2.5000	5	6	0.04721	0.05279	5	12	3
483	GQjRuk	2	2.2361	2.5000	5	6	0.04721	0.05279	5	12	3
484	GQjurw	2	2.2361	2.5000	5	6	0.04721	0.05279	5	11	3
485	GQjut[	2	2.2361	2.5000	5	6	0.04721	0.05279	5	11	3
486	GQjRvs	2	2.2361	2.5000	5	6	0.04721	0.05279	5	11	3
487	GQjlvW	2	2.2361	2.5000	5	6	0.04721	0.05279	5	11	3
488	GQjur{	2	2.2361	2.5000	5	7	0.04721	0.05279	5	10	3
489	GQy~fS	2	2.2361	2.5000	5	6	0.04721	0.05279	5	10	3
490	GQjuvk	2	2.2361	2.5000	5	5	0.04721	0.05279	5	10	3
491	GQjuvw	2	2.2361	2.5000	5	6	0.04721	0.05279	5	10	3
492	GQjRv{	2	2.2361	2.5000	5	6	0.04721	0.05279	5	10	3
493	GQjlvw	2	2.2361	2.5000	5	6	0.04721	0.05279	5	10	3
494	GQyvV[	2	2.2361	2.5000	5	7	0.04721	0.05279	5	10	3
495	GQyvVs	2	2.2361	2.5000	5	6	0.04721	0.05279	5	10	3
496	GUZvvg	2	2.2361	2.5000	5	5	0.04721	0.05279	5	9	3
497	GQyvvw	2	2.2361	2.5000	5	7	0.04721	0.05279	5	9	3
498	GUZuvw	2	2.2361	2.5000	5	7	0.04721	0.05279	5	9	3
499	GQyvvk	2	2.2361	2.5000	5	7	0.04721	0.05279	5	9	3
500	GQjuv{	2	2.2361	2.5000	5	5	0.04721	0.05279	5	9	3
501	GQyvt{	2	2.2361	2.5000	5	7	0.04721	0.05279	5	9	3
502	GQyvv[	2	2.2361	2.5000	5	7	0.04721	0.05279	5	9	3
503	GQyvvs	2	2.2361	2.5000	5	6	0.04721	0.05279	5	9	3
504	GQyvV{	2	2.2361	2.5000	5	6	0.04721	0.05279	5	9	3
505	GUZvvs	2	2.2361	2.5000	5	7	0.04721	0.05279	5	8	3
506	GUZv\{	2	2.2361	2.5000	5	7	0.04721	0.05279	5	8	3
507	GQyvv{	2	2.2361	2.5000	5	6	0.04721	0.05279	5	8	3
508	GQjlt[	2	2.2361	2.5000	6	6	0.04721	0.05279	5	11	3
509	GUZuuk	2	2.2361	2.5000	6	6	0.04721	0.05279	5	10	3
510	GQjlv[	2	2.2361	2.5000	6	6	0.04721	0.05279	5	10	3
511	GUZuv[	2	2.2361	2.5000	6	6	0.04721	0.05279	5	9	3
512	GQyv^w	2	2.2361	2.5000	6	6	0.04721	0.05279	5	9	3
513	GUZuvk	2	2.2361	2.5000	6	7	0.04721	0.05279	5	9	3
514	GQyv^[	2	2.2361	2.5000	6	6	0.04721	0.05279	5	9	3
515	GQyv\{	2	2.2361	2.5000	6	6	0.04721	0.05279	5	9	3
516	GQjlv{	2	2.2361	2.5000	6	7	0.04721	0.05279	5	9	3
517	GUZv^w	2	2.2361	2.5000	6	6	0.04721	0.05279	5	8	3
518	GUZu~w	2	2.2361	2.5000	6	7	0.04721	0.05279	5	8	3
519	GUZvnw	2	2.2361	2.5000	6	6	0.04721	0.05279	5	8	3
520	GUZu~[	2	2.2361	2.5000	6	7	0.04721	0.05279	5	8	3
521	GUZuv{	2	2.2361	2.5000	6	6	0.04721	0.05279	5	8	3
522	GUZvn[	2	2.2361	2.5000	6	7	0.04721	0.05279	5	8	3
523	GUZvm{	2	2.2361	2.5000	6	6	0.04721	0.05279	5	8	3
524	GQyv^{	2	2.2361	2.5000	6	6	0.04721	0.05279	5	8	3
525	GUZvnk	2	2.2361	2.5000	6	6	0.04721	0.05279	5	8	3
526	GUZvv{	2	2.2361	2.5000	6	6	0.04721	0.05279	5	7	3
527	GUZv^{	2	2.2361	2.5000	6	6	0.04721	0.05279	5	7	3
528	GUZu~{	2	2.2361	2.5000	6	8	0.04721	0.05279	5	7	3
529	GQyv~{	2	2.2361	2.5000	6	6	0.04721	0.05279	5	7	3
530	GUZvn{	2	2.2361	2.5000	6	6	0.04721	0.05279	5	7	3
531	GUZv~{	2	2.2361	2.5000	6	6	0.04721	0.05279	5	6	3
532	GUZ~~{	2	2.2361	2.5000	6	6	0.04721	0.05279	5	5	3
533	GCpdag	3	3.3380	3.5000	3	4	0.04829	0.02314	7	9	4
534	GQyurw	2	2.3380	2.6667	5	6	0.05634	0.05477	6	11	3
535	GUZurw	2	2.3333	2.5000	5	6	0.06667	0.03333	5	10	3
