5	FCptO	3	3.0642	3.3333	3	3	0.00917	0.03845	7	6	4
6	FUzro	2	2.1099	2.3333	4	5	0.01570	0.03192	7	7	3
7	FCxv?	3	3.1966	3.5000	4	5	0.01966	0.03034	10	5	4
8	FCpv?	3	3.1966	3.5000	4	4	0.02184	0.03372	9	6	4
9	FCR`o	3	3.1966	3.5000	3	4	0.02457	0.03793	8	5	4
10	FCZb_	3	3.2361	3.5000	4	4	0.02623	0.02933	9	5	4
11	FCpb_	3	3.2361	3.5000	4	4	0.02951	0.03299	8	6	4
12	FCpV?	3	3.2361	3.5000	4	4	0.02951	0.03299	8	6	4
13	FCQb_	3	3.2361	3.5000	3	4	0.03372	0.03770	7	5	4
14	FCpV_	3	3.2361	3.5000	4	4	0.03372	0.03770	7	5	4
15	FCpdO	3	3.2361	3.5000	3	3	0.03934	0.04399	6	6	4
16	FCpVO	3	3.2361	3.5000	4	5	0.03934	0.04399	6	7	4
17	FCpVo	3	3.2361	3.5000	4	4	0.03934	0.04399	6	6	4
18	FCpVw	3	3.2361	3.5000	4	4	0.03934	0.04399	6	5	4
19	FQyuo	2	2.2361	2.5000	4	4	0.03934	0.04399	6	9	3
20	FQzuo	2	2.2361	2.5000	4	5	0.03934	0.04399	6	8	3
21	FQyuw	2	2.2361	2.5000	5	6	0.03934	0.04399	6	8	3
22	FUZ~o	2	2.2361	2.5000	5	5	0.03935	0.04399	6	6	3
23	FCp`_	3	3.3177	3.5000	3	3	0.04538	0.02605	7	7	4
24	FQjRo	2	2.2361	2.5000	4	5	0.04721	0.05279	5	10	3
25	FQyqw	2	2.2361	2.5000	4	5	0.04721	0.05279	5	9	3
26	FQyvO	2	2.2361	2.5000	4	5	0.04721	0.05279	5	9	3
27	FQyvo	2	2.2361	2.5000	4	6	0.04721	0.05279	5	8	3
28	FQytW	2	2.2361	2.5000	5	5	0.04721	0.05279	5	9	3
29	FUxuo	2	2.2361	2.5000	5	5	0.04721	0.05279	5	8	3
30	FQyvW	2	2.2361	2.5000	5	6	0.04721	0.05279	5	8	3
31	FUZvo	2	2.2361	2.5000	5	6	0.04721	0.05279	5	7	3
32	FUZvW	2	2.2361	2.5000	5	5	0.04721	0.05279	5	7	3
33	FUZuw	2	2.2361	2.5000	5	6	0.04721	0.05279	5	7	3
34	FQyvw	2	2.2361	2.5000	5	6	0.04721	0.05279	5	7	3
35	FUZvg	2	2.2361	2.5000	5	6	0.04721	0.05279	5	7	3
36	FUZvw	2	2.2361	2.5000	5	5	0.04721	0.05279	5	6	3
37	FUZ~w	2	2.2361	2.5000	5	5	0.04721	0.05279	5	5	3
